
memlimit : 536870912
memlimit : 536870912
memlimit : 536870912
memlimit : 536870912
Start
k = 64
k = 32
k = 16
k = 8
k = 4
k = 2
End
running time : 11768190
readbuf[0]=3.447040+0.000000i
readbuf[1]=3.646229+-0.572794i
readbuf[2]=4.571346+-1.833907i
readbuf[3]=14.961782+-15.846409i
readbuf[4]=-0.126620+5.575451i
readbuf[5]=2.229131+3.663990i
readbuf[6]=4.255595+3.998573i
readbuf[7]=10.780298+7.702751i
readbuf[8]=-22.509090+-13.668190i
readbuf[9]=-5.276428+-2.885230i
readbuf[10]=-2.883783+-1.469563i
readbuf[11]=-1.930899+-0.937030i
readbuf[12]=-1.421203+-0.665955i
readbuf[13]=-1.105983+-0.504821i
readbuf[14]=-0.893389+-0.399264i
readbuf[15]=-0.741506+-0.325245i
readbuf[16]=-0.628483+-0.270622i
readbuf[17]=-0.541796+-0.228658i
readbuf[18]=-0.473771+-0.195342i
readbuf[19]=-0.419446+-0.168148i
readbuf[20]=-0.375481+-0.145417i
readbuf[21]=-0.339542+-0.126013i
readbuf[22]=-0.309967+-0.109140i
readbuf[23]=-0.285536+-0.094217i
readbuf[24]=-0.265353+-0.080812i
readbuf[25]=-0.248710+-0.068605i
readbuf[26]=-0.235117+-0.057328i
readbuf[27]=-0.224169+-0.046786i
readbuf[28]=-0.215566+-0.036808i
readbuf[29]=-0.209083+-0.027250i
readbuf[30]=-0.204565+-0.018006i
readbuf[31]=-0.201895+-0.008955i
readbuf[32]=-0.201013+0.000000i
readbuf[33]=-0.201896+0.008956i
readbuf[34]=-0.204566+0.018007i
readbuf[35]=-0.209085+0.027255i
readbuf[36]=-0.215567+0.036807i
readbuf[37]=-0.224169+0.046786i
readbuf[38]=-0.235118+0.057328i
readbuf[39]=-0.248711+0.068604i
readbuf[40]=-0.265349+0.080811i
readbuf[41]=-0.285535+0.094218i
readbuf[42]=-0.309966+0.109141i
readbuf[43]=-0.339541+0.126014i
readbuf[44]=-0.375480+0.145416i
readbuf[45]=-0.419450+0.168152i
readbuf[46]=-0.473771+0.195343i
readbuf[47]=-0.541794+0.228659i
readbuf[48]=-0.628483+0.270622i
readbuf[49]=-0.741509+0.325245i
readbuf[50]=-0.893391+0.399265i
readbuf[51]=-1.105987+0.504823i
readbuf[52]=-1.421202+0.665955i
readbuf[53]=-1.930903+0.937032i
readbuf[54]=-2.883783+1.469566i
readbuf[55]=-5.276425+2.885232i
readbuf[56]=-22.509083+13.668190i
readbuf[57]=10.780294+-7.702763i
readbuf[58]=4.255590+-3.998575i
readbuf[59]=2.229125+-3.663989i
readbuf[60]=-0.126622+-5.575450i
readbuf[61]=14.961785+15.846395i
readbuf[62]=4.571342+1.833904i
readbuf[63]=3.646225+0.572797i
0	0	0	0	0	0	0	0	0
266	54	106	0	0	0	0	106	54
0	0	0	0	0	0	0	0	0
0	0	0	0	0	0	0	0	0
